header: 
  seq: 799
  stamp: 
    secs: 1609921605
    nsecs: 614922491
  frame_id: "SimpleFlight/odom_local_ned"
angle_min: 1.8483774662
angle_max: 8.12837791443
angle_increment: 0.0981250032783
time_increment: 0.0
scan_time: 0.0
range_min: 0.0
range_max: 50.0
ranges: [11.903092384338379, 11.903097152709961, 11.903091430664062, 11.903091430664062, 11.903093338012695, 11.903091430664062, 11.903099060058594, 11.903097152709961, 11.903096199035645, 11.903091430664062, 11.903097152709961, 11.90310001373291, 11.903098106384277, 11.90310001373291, 11.903098106384277, 11.903093338012695, 11.903099060058594, 11.903093338012695, 11.903095245361328, 11.903093338012695, 11.903094291687012, 11.903091430664062, 11.903099060058594, 11.903094291687012, 11.903095245361328, 11.903090476989746, 11.903091430664062, 11.903096199035645, 11.903087615966797, 11.903095245361328, 11.903097152709961, 8.765339851379395, 6.260408878326416, 4.907208442687988, 4.068549633026123, 3.504701852798462, 3.1054441928863525, 2.813154458999634, 2.5949151515960693, 2.4307022094726562, 2.307783842086792, 2.217850685119629, 2.1554505825042725, 2.117097854614258, 2.1007676124572754, 2.105623483657837, 2.1319127082824707, 2.1809957027435303, 2.2555251121520996, 2.3598086833953857, 2.5004708766937256, 2.6876025199890137, 2.9368138313293457, 3.273115634918213, 3.7387025356292725, 11.903095245361328, 11.903093338012695, 11.903095245361328, 11.903095245361328, 11.903096199035645, 11.903094291687012, 11.903094291687012, 11.903096199035645, 11.903091430664062]
intensities: []
---
